YEAR	MONTH	GLOBAL RADIATION (cal/cm.d)	SUNLIGHT (h/d)	PRECIPITATION (mm)	RELATIVE HUMIDITY (%)	 MAX TEMPERATURE (°C)	 MIN TEMPERATURE  (°C)	 AVERAGE TEMPERATURE  (°C)
1917 	JAN 			295.7		28.1	18.3	23.2
1918 	JAN 			291.0		29.4	18.6	24.0
1919 	JAN 			262.8		29.2	17.9	23.5
1920 	JAN 			209.9		30.8	18.6	24.7
1921 	JAN 		8.6	265.7		28.3	19.7	24.0
1922 	JAN 		8.7	387.2		28.6	19.9	24.2
1923 	JAN 		9.8	219.7		28.8	18.9	23.8
1924 	JAN 		10.4	108.5		28.3	17.9	23.1
1925 	JAN 		11.7	117.9		30.1	18.4	24.3
1926 	JAN 		4.3	237.0		28.8	19.9	24.3
1927 	JAN 		5.6	200.6		29.1	19.2	24.2
1928 	JAN 		7.4	195.5		30.5	18.2	24.4
1929 	JAN 		2.6	490.9		28.0	20.1	24.0
1930 	JAN 		5.7	257.0		29.9	19.0	24.5
1931 	JAN 		6.4	324.2		30.6	19.9	25.3
1932 	JAN 		4.8	204.2		28.0	18.0	23.0
1933 	JAN 		4.7	119.6		30.0	18.8	24.4
1934 	JAN 		4.2	220.0		29.2	19.1	24.1
1935 	JAN 		6.5	91.2		29.6	19.1	24.3
1936 	JAN 		7.7	84.8		31.4	19.1	25.3
1937 	JAN 		4.7	139.0		28.1	18.6	23.4
1938 	JAN 		6.0	158.3		31.2	20.2	25.7
1939 	JAN 		5.5	275.0		29.1	18.5	23.8
1940 	JAN 		6.4	220.8		30.5	19.7	25.1
1941 	JAN 		10.2	215.1		30.9	19.6	25.3
1942 	JAN 		7.0	136.6		31.2	19.1	25.2
1943 	JAN 		4.9	325.6	74	28.5	17.9	23.2
1944 	JAN 		8.4	118.7	70	31.3	18.6	24.9
1945 	JAN 		5.8	322.0	74	29.6	18.9	24.2
1946 	JAN 		4.5	202.9	77	29.4	19.0	24.2
1947 	JAN 		4.8	352.7	80	28.2	19.2	23.7
1948 	JAN 		5.3	313.5	74	30.2	19.1	24.7
1949 	JAN 		6.9	210.8	68	29.5	18.4	23.9
1950 	JAN 		3.9	231.0	79	28.2	19.1	23.7
1951 	JAN 		4.7	284.7	81	28.3	18.2	23.2
1952 	JAN 		6.4	207.0	72	30.3	18.7	24.5
1953 	JAN 		6.2	251.6	69	30.3	18.9	24.6
1954 	JAN 		6.0	189.4	73	31.6	18.8	25.2
1955 	JAN 		5.5	272.8	75	30.5	18.1	24.3
1956 	JAN 		9.6	60.8	63	33.0	19.7	26.4
1957 	JAN 		6.7	313.6	76	29.3	18.1	23.7
1958 	JAN 		7.2	295.6	72	30.4	18.9	24.6
1959 	JAN 		6.5	258.4	75	30.0	19.4	24.7
1960 	JAN 		7.2	371.9	76	29.8	17.9	23.8
1961 	JAN 		5.9	135.5	76	29.6	19.3	24.5
1962 	JAN 		6.9	132.3	75	29.4	18.0	23.7
1963 	JAN 		3.3	308.4	81	29.8	19.7	24.8
1964 	JAN 		7.6	69.4	69	31.2	18.3	24.7
1965 	JAN 		4.8	326.6	76	27.5	17.9	22.7
1966 	JAN 		5.9	252.1	76	30.2	19.3	24.8
1967 	JAN 		6.3	272.2	79	29.5	18.7	24.1
1968 	JAN 		6.1	322.5	75	29.7	18.0	23.8
1969 	JAN 		7.9	126.1	73	32.1	18.8	25.5
1970 	JAN 		6.7	263.8	80	29.4	18.0	23.7
1971 	JAN 		8.3	180.6	68	31.7	18.7	25.2
1972 	JAN 		7.1	255.1	71	28.9	18.9	23.9
1973 	JAN 			121.1				
1974 	JAN 			147.1				
1975 	JAN 		5.8	168.1	76	29.4	18.5	23.9
1976 	JAN 		5.4	295.2	80	30.3	18.2	24.3
1977 	JAN 		4.3	322.7	84	29.5	20.1	24.8
1978 	JAN 	494	7.3	112.6	76	31.2	18.3	24.8
1979 	JAN 	462	6.4	122.4	75	28.6	15.8	22.2
1980 	JAN 	379	7.5	147.6	80	29.7	18.2	22.2
1981 	JAN 	364	5.1	290.1		28.0	18.6	22.3
1982 	JAN 	536	5.0	260.0	80	28.8	17.6	23.2
1983 	JAN 	514	4.9	207.5	81	29.5	19.6	24.5
1984 	JAN 	605	7.7	91.5	75	32.2	19.6	25.9
1985 	JAN 	486	5.5	131.8	82	29.2	18.6	23.9
1986 	JAN 	590	6.8	143.0	71	32.5	19.2	25.9
1987 	JAN 	416	6.6	342.9	79	30.8	19.7	25.3
1988 	JAN 	436	7.6	185.3	73	32.4	20.0	26.2
1989 	JAN 	386	5.5	370.8	70	29.8	19.0	24.4
1990 	JAN 	423	6.8	271.4	68	31.6	19.7	25.6
1991 	JAN	422	6.6	266.6	77	30.5	18.8	24.7
1992 	JAN	408	6.5	99.2	79	30.5	19.0	24.7
1993 	JAN	408	5.7	179.9	82	31.0	19.7	25.3
1994 	JAN	402	5.6	134.8	84	30.3	19.3	24.8
1995 	JAN	429	6.3	197.3	84	31.9	20.6	26.2
1996 	JAN	439	6.6	314.8	81	31.2	20.3	25.7
1997 	JAN	361	4.2	352.2	87	29.7	20.1	24.9
1998 	JAN	458	6.5	121.2	79	31.7	20.6	26.2
1999 	JAN	383	4.9	382.8	88	30.6	20.4	25.5
2000 	JAN	464	6.4	235.9	83	30.2	19.1	24.7
2001 	JAN	509	7.4	229.6	75	31.9	19.6	25.8
2002 	JAN	410	4.8	320.2	90	29.8	19.3	24.6
2003 	JAN	362	4.2	302.4	92	29.6	20.2	24.9
2004 	JAN	371	4.4	196.4	83	29.2	18.7	23.1
2005 	JAN	363	3.6	238.7	92	29.0	20.1	24.6
2006 	JAN	452	6.2	240.5	83	31.4	19.6	25.5
2007 	JAN	374	3.8	267.0	92	29.3	20.1	24.7
2008 	JAN	413	4.3	418.5	88	28.9	18.5	23.7
2009 	JAN	430	4.7	162.0	84	28.9	19.2	24.1
2010 	JAN	417	4.7	250.2	84	30.2	20.3	25.3
2011 	JAN	481	6.3	421.7	80	31.0	20.2	25.6
2012 	JAN	477	6.2	217.0	82	28.9	18.2	23.6
2013 	JAN	452	5.5	232.3	84	29.6	19.2	24.4
2014 	JAN	617	9.7	83.3	69	33.4	20.2	26.8
2015 	JAN	586	8.3	104.1	72	33.7	21.6	27.7
2016 	JAN	526	6.6	267.8	82	31.9	21.2	26.6
2017 	JAN	439	5.4	334.5	82	30.2	20.3	25.3
2018 	JAN	472	5.9	225.0	80	30.3	19.4	24.8
2019 	JAN	585	8.6	145.8	74	33.4	20.3	26.9
2020 	JAN							
1917 	FEB 			135.8		28.3	18.4	23.3
1918 	FEB 			81.3		29.2	18.5	23.8
1919 	FEB 			96.2		29.1	18.8	23.9
1920 	FEB 			135.3		29.6	18.9	24.2
1921 	FEB 		11.2	101.5		30.6	19.3	25.0
1922 	FEB 		9.5	176.6		28.7	19.2	23.9
1923 	FEB 		9.8	144.4		28.7	18.9	23.8
1924 	FEB 		9.7	154.2		28.9	19.2	24.1
1925 	FEB 		13.5	55.2		32.4	18.9	25.7
1926 	FEB 		8.7	20.6		30.5	17.0	23.8
1927 	FEB 		7.0	259.4		29.8	18.6	24.2
1928 	FEB 		6.6	220.6		31.3	20.3	25.8
1929 	FEB 		5.3	331.6		29.3	19.3	24.3
1930 	FEB 		6.2	427.8		29.2	19.0	24.1
1931 	FEB 		5.3	334.4		27.8	18.7	23.3
1932 	FEB 		6.5	95.7		30.6	20.0	25.3
1933 	FEB 		6.0	150.0		30.8	18.7	24.7
1934 	FEB 		7.5	103.4		30.8	19.2	25.0
1935 	FEB 		3.3	194.4		29.1	20.2	24.7
1936 	FEB 		7.0	203.4		29.9	18.4	24.2
1937 	FEB 		7.7	95.8		31.1	19.2	25.2
1938 	FEB 		6.9	120.6		31.1	20.0	25.5
1939 	FEB 		8.0	279.9	 	30.6	19.1	24.8
1940 	FEB 		5.1	461.7		28.2	18.6	23.4
1941 	FEB 		7.8	128.7		31.9	19.5	25.7
1942 	FEB 		5.5	197.2		30.5	19.9	25.2
1943 	FEB 		5.8	141.4	74	29.8	18.3	24.1
1944 	FEB 		5.0	215.2	74	29.9	18.5	24.2
1945 	FEB 		5.5	256.7	76	30.3	19.7	25.0
1946 	FEB 		4.6	192.6	79	30.2	20.2	25.2
1947 	FEB 		6.0	338.9	75	30.3	19.9	25.1
1948 	FEB 		5.0	247.7	79	28.9	19.3	24.1
1949 	FEB 		6.7	206.5	73	28.9	17.6	23.2
1950 	FEB 		5.5	321.7	78	28.7	18.7	23.7
1951 	FEB 		5.2	215.4	78	29.1	18.7	23.9
1952 	FEB 		3.6	218.6	79	28.3	19.0	23.6
1953 	FEB 		7.0	107.4	72	29.5	18.3	23.9
1954 	FEB 		5.4	204.2	75	31.1	19.2	25.1
1955 	FEB 		7.6	63.7	69	33.2	18.6	25.9
1956 	FEB 		7.5	136.9	71	30.4	18.5	24.4
1957 	FEB 		6.1	128.3	75	28.2	18.0	23.1
1958 	FEB 		6.4	143.8	76	30.2	19.2	24.7
1959 	FEB 		6.7	162.5	75	31.2	19.3	25.2
1960 	FEB 		4.1	332.8	81	28.1	18.6	23.4
1961 	FEB 		5.3	195.5	78	29.5	19.2	24.4
1962 	FEB 		7.2	246.0	78	29.8	17.9	23.9
1963 	FEB 		7.9	110.6	76	30.3	18.7	24.5
1964 	FEB 		5.1	202.6	76	29.1	18.9	24.0
1965 	FEB 		5.3	278.4	76	28.2	18.9	23.5
1966 	FEB 		7.3	198.8	75	31.1	19.9	25.5
1967 	FEB 		5.1	196.6	81	29.8	19.2	24.5
1968 	FEB 		7.6	91.5	69	29.4	16.8	23.1
1969 	FEB 		6.9	40.9	75	32.1	19.7	25.9
1970 	FEB 		4.9	293.4	84	29.1	19.0	24.0
1971 	FEB 		7.1	81.3	70	32.3	19.2	27.5
1972 	FEB 			238.7	76	28.0	18.5	23.3
1973 	FEB 			115.2				
1974 	FEB 		8.8	60.1	71	32.1	19.0	25.5
1975 	FEB 		5.0	357.3	82	30.2	19.8	25.0
1976 	FEB 		4.4	287.0	71	28.4	16.8	22.6
1977 	FEB 		8.2	37.3	75	33.1	20.3	26.7
1978 	FEB 	506	8.2	111.6	75	31.8	17.5	24.6
1979 	FEB 	462	7.0	114.4	77	30.8	16.7	23.7
1980 	FEB 	339		163.3	85	29.8	19.0	22.3
1981 	FEB 	422	7.8	71.2		32.3	19.0	25.8
1982 	FEB 	562	6.4	221.8	78	31.4	19.3	25.4
1983 	FEB 	580	6.1	283.9	81	30.5	19.2	24.8
1984 	FEB 	687	9.8	18.7	69	34.5	20.2	27.3
1985 	FEB 	425	6.0	118.6	81	31.5	19.8	25.7
1986 	FEB 	475	4.8	96.2	76	30.6	19.4	25.0
1987 	FEB 	436	5.7	203.1	77	30.4	18.7	24.6
1988 	FEB 	338	5.4	328.3	78	30.3	18.9	24.6
1989 	FEB 	373	5.6	298.3	68	29.9	19.6	24.7
1990 	FEB 	434	8.0	145.9	67	31.8	18.9	25.3
1991 	FEB 	405	6.3	217.6	79	30.4	18.5	24.4
1992 	FEB 	394	6.2	72.4	77	30.6	18.7	24.6
1993 	FEB 	340	3.7	232.1	85	28.8	18.8	23.8
1994 	FEB	471	7.6	154.4	83	33.0	20.2	26.6
1995 	FEB	322	4.6	415.6	88	29.9	20.0	25.0
1996 	FEB	418	6.2	258.3	84	31.8	20.1	26.0
1997 	FEB	424	7.6	87.1	80	31.7	19.5	24.7
1998 	FEB	416	4.8	362.2	90	30.0	20.5	25.3
1999 	FEB	410	5.4	198.3	90	30.7	20.1	25.4
2000 	FEB	450	5.5	124.0	87	29.9	19.2	24.6
2001 	FEB	457	6.2	92.7	82	31.7	20.4	26.0
2002 	FEB	404	5.1	187.9	82	29.0	18.8	23.9
2003 	FEB	458	7.3	58.6	83	32.5	20.5	26.5
2004 	FEB	422	6.1	194.0	86	29.6	18.4	24.0
2005 	FEB	509	8.0	67.8	80	31.5	18.1	24.8
2006 	FEB	412	5.0	176.2	86	30.3	19.6	25.0
2007 	FEB	505	7.3	241.9	85	31.6	19.3	25.5
2008 	FEB	483	6.1	153.7	86	30.7	19.0	24.8
2009 	FEB	458	5.8	143.5	83	30.6	20.1	25.3
2010 	FEB	509	7.6	158.6	74	31.8	20.2	26.0
2011 	FEB	486	7.1	145.5	77	31.9	20.2	26.0
2012 	FEB	543	8.2	139.2	73	32.6	19.8	26.3
2013 	FEB	483	7.2	114.3	82	31.7	19.9	25.8
2014 	FEB	562	8.6	62.4	65	33.7	20.5	27.1
2015 	FEB	483	6.8	248.2	84	32.2	20.9	26.5
2016 	FEB	509	6.9	197.6	83	31.5	20.9	26.2
2017 	FEB	503	7.6	88.8	74	32.2	20.0	26.1
2018 	FEB	445	6.9	71.6	76	30.2	18.2	24.2
2019 	FEB	437	5.4	152.9	80	30.2	19.4	24.8
1917 	MAR 			58.9		28.6	16.9	22.7
1918 	MAR 			152.1		28.5	16.9	22.7
1919 	MAR 			30.6		29.4	17.4	23.4
1920 	MAR 			164.0		29.0	17.8	23.4
1921 	MAR 		11.6	17.8		30.4	18.8	24.6
1922 	MAR 		9.5	117.2		28.7	19.2	24.0
1923 	MAR 		9.7	311.4		28.8	19.1	23.9
1924 	MAR 		11.2	139.5		30.2	19.0	24.6
1925 	MAR 		12.5	84.7		30.3	17.8	24.0
1926 	MAR 		6.0	214.4		30.0	18.9	24.4
1927 	MAR 		7.0	189.6		29.7	18.9	24.3
1928 	MAR 		5.6	155.9		29.3	19.4	24.3
1929 	MAR 		5.1	32.6		29.5	18.6	24.0
1930 	MAR 		9.2	23.4		31.2	17.4	24.3
1931 	MAR 		6.6	184.3		28.8	18.3	23.6
1932 	MAR 		7.6	124.8		30.0	17.9	23.9
1933 	MAR 		7.7	41.6		30.1	16.4	23.2
1934 	MAR 		7.9	46.7		31.3	18.1	24.7
1935 	MAR 		7.5	140.0		30.7	19.1	24.9
1936 	MAR 		6.0	202.4		28.4	23.5	25.9
1937 	MAR 		6.2	206.2		30.0	18.9	24.4
1938 	MAR 		8.3	107.0		32.0	19.4	25.7
1939 	MAR 		6.9	169.9		30.7	19.1	24.9
1940 	MAR 		8.9	96.8		31.9	18.4	25.1
1941 	MAR 		6.9	84.5		30.4	17.9	24.2
1942 	MAR 		5.4	206.7		29.5	19.0	24.3
1943 	MAR 		7.0	269.8	74	30.5	18.5	24.5
1944 	MAR 		7.1	182.9	72	30.7	18.3	24.5
1945 	MAR 		6.4	85.5	71	29.6	18.0	23.8
1946 	MAR 		4.3	112.8	76	28.2	17.8	23.0
1947 	MAR 		5.1	130.7	76	27.6	17.8	22.7
1948 	MAR 		7.1	104.3	73	28.5	16.7	22.6
1949 	MAR 		7.2	183.3	74	30.9	19.0	24.9
1950 	MAR 		5.2	161.1	75	28.6	18.2	23.4
1951 	MAR 		6.2	160.4	77	29.2	17.9	23.5
1952 	MAR 		4.6	102.4	76	28.4	18.5	23.4
1953 	MAR 		6.0	161.8	73	29.2	18.3	23.7
1954 	MAR 		5.5	136.6	75	30.7	17.7	24.2
1955 	MAR 		5.9	194.5	74	30.2	17.5	23.9
1956 	MAR 		7.8	47.1	69	29.9	17.0	23.5
1957 	MAR 		6.9	185.6	75	28.6	17.3	23.0
1958 	MAR 		6.8	167.6	76	28.6	16.7	22.6
1959 	MAR 		6.5	196.2	76	29.3	17.5	23.4
1960 	MAR 		8.1	74.6	73	29.7	17.2	23.4
1961 	MAR 		6.1	129.6	77	29.4	18.0	23.7
1962 	MAR 		6.2	329.0	78	29.7	18.0	23.8
1963 	MAR 		7.5	56.0	74	31.9	19.0	25.4
1964 	MAR 		7.7	11.8	67	30.3	16.6	23.5
1965 	MAR 		6.2	147.5	76	27.6	16.5	22.0
1966 	MAR 		6.1	55.6	73	29.3	17.6	23.4
1967 	MAR 		6.2	152.1	80	29.4	18.3	23.9
1968 	MAR 		6.1	45.5	73	30.1	17.4	23.8
1969 	MAR 		7.7	173.8	72	31.9	17.8	24.9
1970 	MAR 		6.8	96.5	76	30.7	18.3	24.5
1971 	MAR 		6.5	173.5	75	31.2	18.6	24.9
1972 	MAR 			92.1	71	30.3	18.2	24.3
1973 	MAR 			83.5				
1974 	MAR 		5.6	301.3	81	28.2	18.2	23.2
1975 	MAR 		7.3	32.9	74	31.0	18.5	24.8
1976 	MAR 		6.4	140.9	68	29.9	16.4	23.2
1977 	MAR 		6.3	199.8	83	31.4	19.7	25.5
1978 	MAR 	402	6.6	85.1	78	30.5	17.0	23.7
1979 	MAR 	410	7.4	84.7	76	29.7	15.2	22.4
1980 	MAR 	346	7.8	42.3	76	32.2	18.8	23.5
1981 	MAR 	336	6.6	65.5	76	31.1	18.3	24.7
1982 	MAR 	455	3.9	132.3	84	28.8	18.6	23.7
1983 	MAR 	535	5.8	225.6	80	28.9	17.7	23.3
1984 	MAR 	547	6.5	47.1	74	32.0	18.8	25.4
1985 	MAR 	407	6.2	203.1	78	30.0	18.9	24.4
1986 	MAR 	401	5.4	320.8	79	30.8	18.5	24.6
1987 	MAR 	445	8.0	105.6	71	30.9	17.3	24.1
1988 	MAR 	385	8.2	194.3	70	31.2	18.1	24.6
1989 	MAR 	379	6.9	99.0	67	30.6	18.5	24.6
1990 	MAR 	365	6.8	240.2	72	30.9	19.1	25.0
1991 	MAR 	297	4.1	431.9	84	28.0	18.6	23.3
1992 	MAR 	329	5.1	232.7	84	29.7	18.2	23.9
1993 	MAR 	373	6.3	155.9	80	30.9	18.6	24.7
1994 	MAR 	392	6.6	222.7	84	29.7	18.5	24.1
1995 	MAR 	352	5.4	194.6	83	30.4	18.5	24.5
1996 	MAR 	382	6.4	146.5	85	30.5	19.4	25.0
1997 	MAR 	380	7.7	73.1	73	29.9	17.5	23.7
1998 	MAR 	380	6.0	127.8	85	31.0	19.8	25.4
1999 	MAR 	429	7.7	210.8	81	31.4	19.0	25.2
2000 	MAR 	411	5.4	185.3	84	29.7	18.5	24.1
2001 	MAR 	450	7.0	164.2	77	31.5	19.3	25.4
2002 	MAR 	462	7.9	274.6	74	32.0	19.5	25.8
2003 	MAR 	410	6.1	180.9	86	30.0	18.6	24.3
2004 	MAR 	420	7.1	79.1	83	29.5	17.3	23.4
2005 	MAR 	382	5.2	111.6	86	30.6	18.8	24.7
2006 	MAR 	418	5.9	154.0	82	31.0	19.3	25.2
2007 	MAR 	471	7.7	80.5	92	32.5	19.0	25.8
2008 	MAR 	467	7.2	132.4	82	29.7	18.2	24.0
2009 	MAR 	457	6.9	125.1	79	30.8	19.4	25.1
2010 	MAR 	425	6.6	99.0	76	30.5	19.2	24.9
2011 	MAR 	360	4.4	222.2	83	28.2	19.4	23.8
2012 	MAR 	516	8.7	63.5	74	31.1	18.4	24.8
2013 	MAR 	431	6.3	141.5	82	30.6	19.3	25.0
2014 	MAR 	503	8.4	108.8	78	31.4	19.3	25.4
2015 	MAR 	401	5.8	134.3	86	30.1	19.9	25.0
2016 	MAR 	426	7.1	126.7	83	30.5	19.6	25.0
2017 	MAR 	472	7.8	137.0	77	30.6	18.4	24.5
2018 	MAR 	466	8.2	204.5	79	32.1	19.6	25.8
2019 	MAR 	465	7.0	73.4	79	30.5	19.2	24.8
1917 	APR 			116.2		26.7	13.9	20.3
1918 	APR 			25.2		27.3	14.7	21.0
1919 	APR 			78.0		28.2	16.4	22.3
1920 	APR 			50.2		28.5	15.5	22.0
1921 	APR 		14.9	31.7		28.4	13.5	21.0
1922 	APR 		11.5	29.5		28.2	16.7	22.5
1923 	APR 		11.7	89.8		28.9	17.2	23.1
1924 	APR 		13.8	15.4		29.1	15.2	22.1
1925 	APR 		13.2	40.4		30.4	17.2	23.8
1926 	APR 		5.7	238.5		27.3	16.9	22.1
1927 	APR 		8.2	22.5		29.0	16.2	22.6
1928 	APR 		7.3	34.2		30.3	17.9	24.1
1929 	APR 		7.1	68.2		26.9	13.4	20.2
1930 	APR 		7.1	41.0		28.7	15.2	22.0
1931 	APR 		7.3	103.0		28.5	16.3	22.4
1932 	APR 		6.9	30.4		29.7	16.7	23.2
1933 	APR 		7.4	4.0		28.3	14.1	21.2
1934 	APR 		5.9	21.6		28.9	16.3	22.6
1935 	APR 		6.7	68.8		26.9	14.4	20.6
1936 	APR 		7.9	37.8		28.6	15.4	22.0
1937 	APR 		5.8	203.0		26.3	15.9	21.1
1938 	APR 		7.0	66.0		28.4	16.3	22.3
1939 	APR 		7.5	49.7		27.7	15.7	21.7
1940 	APR 		6.9	18.0		30.2	17.2	23.7
1941 	APR 		7.6	56.2		30.7	17.4	24.0
1942 	APR 		5.6	84.3		27.1	15.9	21.5
1943 	APR 		8.0	37.1	71	26.8	13.4	20.1
1944 	APR 		7.2	23.0	69	27.9	14.3	21.1
1945 	APR 		7.1	120.5	71	28.5	15.6	22.0
1946 	APR 		7.6	18.1	70	27.5	13.3	20.4
1947 	APR 		7.2	10.2	68	28.6	14.6	21.6
1948 	APR 		8.2	38.6	69	28.3	14.0	21.2
1949 	APR 		7.3	54.6	69	26.7	13.6	20.1
1950 	APR 		6.4	121.6	74	27.6	16.1	21.9
1951 	APR 		13.3	22.2	69	32.5	11.2	21.8
1952 	APR 		5.8	52.5	72	26.0	12.8	19.4
1953 	APR 		6.9	74.4	77	26.3	14.6	20.4
1954 	APR 		6.6	30.5	70	28.7	13.8	21.2
1955 	APR 		6.5	120.0	74	28.3	15.8	22.1
1956 	APR 		6.1	90.6	73	27.4	15.5	21.5
1957 	APR 		6.5	66.9	76	26.5	14.9	20.7
1958 	APR 		6.1	128.2	77	26.2	14.7	20.5
1959 	APR 		7.6	45.2	71	30.8	16.9	23.9
1960 	APR 		6.5	38.4	74	27.0	14.4	20.7
1961 	APR 		5.9	101.7	78	28.4	16.3	22.3
1962 	APR 		6.9	17.2	72	28.6	14.2	21.4
1963 	APR 		8.2	5.0	66	30.0	16.6	23.3
1964 	APR 		6.7	10.7	70	29.8	16.3	23.1
1965 	APR 		7.3	55.3	72	28.6	15.1	21.9
1966 	APR 		7.0	18.2	67	28.5	15.2	21.9
1967 	APR 		8.3	3.6	71	29.0	14.9	22.0
1968 	APR 		7.3	32.7	69	27.0	12.1	19.6
1969 	APR 		7.7	53.1	72	28.5	14.4	21.5
1970 	APR 		7.7	83.2	72	28.7	14.8	21.8
1971 	APR 		7.5	28.3	70	28.3	18.5	23.4
1972 	APR 			101.5	66	23.2	11.5	17.7
1973 	APR 			88.0				
1974 	APR 		6.5	21.4	76	26.2	14.4	20.3
1975 	APR 		6.8	37.3	75	28.1	14.4	21.3
1976 	APR 		6.0	19.2	85	26.5	14.7	20.6
1977 	APR 		6.0	107.7	86	26.5	15.2	20.9
1978 	APR 	405	8.0	15.5	74	29.0	12.4	20.7
1979 	APR 	288	7.0	63.9	76	27.8	12.4	20.1
1980 	APR 	255	6.2	165.3	79	28.7	16.1	20.7
1981 	APR 	306	7.0	74.5	77	28.8	14.6	20.9
1982 	APR 	523	7.4	125.7	78	26.9	14.0	20.5
1983 	APR 	450	5.4	189.5	80	28.3	16.4	22.0
1984 	APR 	464	6.2	51.5	78	28.8	16.2	22.5
1985 	APR 	430	6.8	134.5	76	29.6	16.9	23.2
1986 	APR 	404	8.2	47.5	74	30.1	16.5	23.3
1987 	APR 	329	6.6	70.6	76	29.3	17.6	23.4
1988 	APR 	301	5.9	140.0	75	28.7	17.2	23.0
1989 	APR 	330	7.8	103.9	65	29.6	16.5	23.1
1990 	APR 	362	7.8	37.2	67	30.6	17.6	24.1
1991 	APR 	349	7.4	129.6	79	28.4	16.1	22.2
1992 	APR 	334	6.8	79.9	80	28.0	15.9	22.0
1993 	APR 	346	7.8	57.7	81	29.7	16.8	23.3
1994 	APR 	354	7.3	114.9	81	29.0	16.6	22.8
1995 	APR 	373	7.8	85.7	81	29.2	16.0	22.6
1996 	APR 	358	8.0	12.0	78	29.5	16.7	23.1
1997 	APR 	356	7.6	22.0	73	28.7	15.0	21.9
1998 	APR 	355	6.9	66.7	81	28.4	17.0	22.7
1999 	APR 	388	8.1	89.0	81	28.5	15.2	21.9
2000 	APR 	451	9.1	0.8	72	29.4	14.5	21.9
2001 	APR 	420	8.2	24.1	73	30.6	17.1	23.9
2002 	APR 	393	8.7	27.2	70	31.8	17.6	24.7
2003 	APR 	346	6.5	55.2	83	29.1	16.1	22.6
2004 	APR 	355	6.1	92.3	83	29.0	17.1	23.0
2005 	APR 	377	6.5	30.7	81	30.2	17.7	24.0
2006 	APR 	377	6.4	33.7	80	28.3	15.8	22.1
2007 	APR 	388	7.0	36.8	93	30.1	17.7	23.9
2008 	APR 	360	5.9	174.6	84	28.0	17.1	22.6
2009 	APR 	433	8.2	21.8	76	28.6	15.9	22.2
2010 	APR 	398	7.6	76.4	74	28.4	16.7	22.5
2011 	APR 	382	6.7	135.1	77	28.7	17.2	23.0
2012 	APR 	397	7.2	160.0	77	29.5	17.6	23.5
2013 	APR 	408	7.0	201.2	80	28.5	16.3	22.4
2014 	APR 	431	8.2	54.0	76	29.2	17.2	23.2
2015 	APR 	440	8.7	12.8	79	29.7	17.5	23.6
2016 	APR 	426	8.7	6.0	70	31.3	18.0	24.6
2017 	APR 	378	6.8	128.5	77	28.3	16.7	22.5
2018 	APR 	403	8.7	35.1	73	29.6	15.9	22.8
2019 	APR 	433	8.0	162.4	77	29.8	17.6	23.7
1917 	MAY 			58.5		22.2	8.6	15.4
1918 	MAY 			22.9		26.1	12.3	19.2
1919 	MAY 			38.9		26.8	13.5	20.2
1920 	MAY 			12.3		26.3	10.6	18.4
1921 	MAY 		17.3	26.5		27.6	10.2	18.9
1922 	MAY 		14.5	17.4		27.1	13.0	20.1
1923 	MAY 		11.4	82.9		24.3	12.9	18.6
1924 	MAY 		14.3	53.9		26.9	12.9	19.9
1925 	MAY 		13.2	59.0		26.3	13.1	19.7
1926 	MAY 		6.8	33.7		25.0	11.6	18.3
1927 	MAY 		8.3	0.0		26.7	10.8	18.7
1928 	MAY 		7.6	61.6		26.8	12.2	19.5
1929 	MAY 		6.8	119.8		24.6	11.9	18.2
1930 	MAY 		7.7	14.0		27.4	12.9	20.1
1931 	MAY 		6.6	37.0		25.2	12.6	18.9
1932 	MAY 		5.4	98.2		25.0	13.3	19.2
1933 	MAY 		6.6	77.0		25.8	11.7	18.7
1934 	MAY 		9.5	0.0		27.9	11.5	19.7
1935 	MAY 		8.9	6.8		25.9	9.7	17.8
1936 	MAY 		8.5	26.6		37.7	15.3	26.5
1937 	MAY 		7.0	74.4		24.4	12.3	18.4
1938 	MAY 		7.2	85.5		26.0	12.2	19.1
1939 	MAY 		6.5	129.8		25.5	14.1	19.8
1940 	MAY 		7.4	15.1		27.6	14.2	20.9
1941 	MAY 		7.5	15.2		27.4	13.8	20.6
1942 	MAY 		6.3	21.8		25.2	11.8	18.5
1943 	MAY 		8.4	1.2	65	27.3	10.9	19.1
1944 	MAY 		7.8	0.9	67	26.2	10.7	18.5
1945 	MAY 		7.1	14.3	71	24.8	10.0	17.4
1946 	MAY 		6.1	16.9	68	28.0	12.9	20.4
1947 	MAY 		6.6	39.1	73	26.6	13.6	20.1
1948 	MAY 		6.1	52.6	70	25.8	13.2	19.5
1949 	MAY 		7.2	49.0	70	24.7	10.6	17.6
1950 	MAY 		7.9	8.6	70	27.2	13.0	20.1
1951 	MAY 		7.2	8.3	70	26.1	9.9	18.0
1952 	MAY 		7.4	0.0	65	27.0	10.6	18.8
1953 	MAY 		6.3	27.7	73	25.6	12.7	19.1
1954 	MAY 		4.1	99.1	80	25.3	13.0	19.2
1955 	MAY 		6.4	57.3	71	25.9	10.4	18.2
1956 	MAY 		4.4	114.5	83	22.7	11.8	17.2
1957 	MAY 		7.0	4.2	73	24.9	11.0	18.0
1958 	MAY 		7.9	172.4	81	23.9	12.7	18.3
1959 	MAY 		7.1	29.4	74	27.4	13.5	20.5
1960 	MAY 		7.0	80.6	76	24.3	10.2	17.2
1961 	MAY 		6.5	34.5	80	26.0	12.4	19.2
1962 	MAY 		7.0	30.8	74	25.3	10.7	18.0
1963 	MAY 		7.8	4.2	64	27.7	9.4	18.6
1964 	MAY 		6.7	44.0	73	24.8	11.8	18.3
1965 	MAY 		6.0	78.3	77	24.9	12.3	18.6
1966 	MAY 		5.9	43.7	74	26.0	12.7	19.3
1967 	MAY 		8.2	4.2	66	28.3	11.9	20.1
1968 	MAY 		7.5	14.0	67	25.2	7.8	16.5
1969 	MAY 		6.6	36.6	70	27.3	11.3	19.3
1970 	MAY 		6.8	75.1	77	27.7	13.9	20.8
1971 	MAY 		5.0	91.4	77	24.6	11.9	18.3
1972 	MAY 		6.8	64.0	75			
1973 	MAY 			36.0	78			
1974 	MAY 		7.1	6.6	74	18.1	7.0	12.5
1975 	MAY 		7.2	11.3	76	26.1	12.1	19.2
1976 	MAY 		5.2	46.4	90	24.4	10.3	17.4
1977 	MAY 		6.7	0.9	80	25.5	11.1	18.3
1978 	MAY 	295	6.5	74.0	76	25.7	9.9	17.8
1979 	MAY 	172	5.8	96.9	81	26.0	11.2	18.6
1980 	MAY 	222	6.4	13.4	76	27.8	12.8	18.8
1981 	MAY 	260	7.2	44.9	77	27.9	12.6	20.3
1982 	MAY 	439	6.5	62.7	76	25.4	10.6	18.4
1983 	MAY 	365	4.5	334.7	83	26.5	15.2	21.2
1984 	MAY 	399	6.9	45.9	79	29.0	14.4	21.7
1985 	MAY 	402	7.2	42.6	75	26.7	11.4	19.0
1986 	MAY 	286	5.5	88.6	79	27.5	14.4	20.9
1987 	MAY 	244	5.4	199.9	81	25.0	13.9	19.5
1988 	MAY 	262	5.5	104.3	73	26.4	14.0	20.2
1989 	MAY 	285	7.4	33.0	67	26.0	11.5	18.8
1990 	MAY 	312	7.3	47.1	71	25.3	11.4	18.4
1991 	MAY 	314	8.0	42.1	77	26.8	12.6	19.7
1992 	MAY 	266	5.7	73.8	82	26.6	14.8	20.7
1993 	MAY 	283	6.6	119.7	80	26.2	13.1	19.7
1994 	MAY 	268	6.0	56.2	82	26.8	15.0	20.9
1995 	MAY 	282	6.3	64.2	85	25.9	13.7	18.8
1996 	MAY 	301	6.8	36.3	80	26.2	12.8	19.5
1997 	MAY 	305	6.6	55.0	78	25.7	12.6	19.2
1998 	MAY 	293	6.2	97.6	81	25.0	12.8	18.9
1999 	MAY 	328	7.5	51.3	79	25.4	11.2	18.3
2000 	MAY 	347	7.4	5.3	74	26.6	11.2	18.9
2001 	MAY 	316	6.1	60.6	78	25.4	12.9	19.2
2002 	MAY 	298	6.1	112.4	77	26.8	14.5	20.7
2003 	MAY 	324	7.3	54.7	80	25.8	11.8	18.8
2004 	MAY 	269	5.0	105.9	89	24.3	12.8	18.6
2005 	MAY 	316	6.7	164.3	77	27.9	13.7	20.8
2006 	MAY 	320	6.3	2.0	76	25.4	10.7	18.0
2007 	MAY 	333	6.8	58.4	92	25.9	12.8	19.4
2008 	MAY 	340	6.9	72.4	78	24.7	12.5	18.6
2009 	MAY 	357	7.2	10.6	78	27.5	13.9	20.7
2010 	MAY 	338	7.1	24.4	76	25.6	13.2	19.4
2011 	MAY 	349	7.4	28.7	75	25.8	12.2	19.0
2012 	MAY 	366	8.0	59.9	77	25.9	13.5	19.7
2013 	MAY 	332	6.5	83.6	78	27.1	14.3	20.7
2014 	MAY 	350	7.3	39.8	75	26.9	13.6	20.2
2015 	MAY 	327	6.2	86.7	83	26.3	14.9	20.6
2016 	MAY 	288	5.7	105.7	81	25.2	13.8	19.5
2017 	MAY 	313	6.6	161.6	81	26.2	14.8	20.5
2018 	MAY 	330	8.1	11.7	71	27.9	12.3	20.1
2019 	MAY 	339	6.6	55.2	78	27.9	15.1	21.5
1917 	JUN 			13.0		23.3	6.3	14.8
1918 	JUN 			15.8		24.3	8.8	16.5
1919 	JUN 			170.3		24.2	11.5	17.8
1920 	JUN 			16.0		25.2	9.6	17.4
1921 	JUN 		14.5	25.3		24.4	9.8	17.1
1922 	JUN 		12.8	72.6		24.5	11.6	18.0
1923 	JUN 		11.6	114.7		23.3	11.7	17.5
1924 	JUN 		15.5	19.0		25.5	10.1	17.8
1925 	JUN 		14.0	73.5		23.5	9.4	16.4
1926 	JUN 		7.4	32.0		27.0	11.9	19.5
1927 	JUN 		6.4	31.0		24.3	10.5	17.4
1928 	JUN 		6.6	66.3		25.2	11.0	18.1
1929 	JUN 		7.9	4.8		25.8	10.0	17.9
1930 	JUN 		7.8	22.0		28.1	12.0	20.0
1931 	JUN 		6.9	16.0		24.3	10.3	17.3
1932 	JUN 		6.4	44.0		23.9	10.8	17.4
1933 	JUN 		7.1	53.8		24.4	7.9	16.1
1934 	JUN 		8.4	37.5		26.0	11.5	18.8
1935 	JUN 		6.9	53.8		25.4	11.7	18.6
1936 	JUN 		9.1	2.0		27.9	12.7	20.3
1937 	JUN 		7.7	46.0		25.0	10.7	17.8
1938 	JUN 		7.8	0.0		25.9	10.3	18.1
1939 	JUN 		6.6	58.7		22.9	11.5	17.2
1940 	JUN 		8.3	4.2		26.4	10.6	18.5
1941 	JUN 		7.1	49.2		25.1	9.5	17.3
1942 	JUN 		5.6	46.4		23.4	10.6	17.0
1943 	JUN 		6.6	33.0	73	24.9	11.7	18.3
1944 	JUN 		7.6	13.1	64	26.0	9.3	17.6
1945 	JUN 		6.0	187.1	74	22.8	9.5	16.2
1946 	JUN 		6.7	19.6	69	24.8	9.4	17.1
1947 	JUN 		6.8	15.0	66	25.9	10.7	18.3
1948 	JUN 		7.8	4.1	68	25.6	9.0	17.3
1949 	JUN 		6.7	45.0	72	24.9	11.2	18.1
1950 	JUN 		6.9	47.9	71	25.1	11.4	18.2
1951 	JUN 		7.1	15.5	67	24.1	8.7	16.4
1952 	JUN 		4.4	96.9	73	24.3	11.0	17.6
1953 	JUN 		6.1	24.3	75	24.5	10.3	17.4
1954 	JUN 		4.6	69.7	78	26.0	11.7	18.8
1955 	JUN 		5.4	26.5	73	24.8	10.3	17.6
1956 	JUN 		4.4	70.2	80	21.0	10.0	15.5
1957 	JUN 		6.0	20.1	72	23.9	10.3	17.1
1958 	JUN 		7.5	70.1	73	24.7	10.2	17.4
1959 	JUN 		7.7	19.3	69	25.5	8.2	16.9
1960 	JUN 		6.7	63.3	73	24.4	9.4	16.9
1961 	JUN 		6.7	14.6	77	25.3	11.5	18.4
1962 	JUN 		6.8	51.7	77	23.4	8.1	15.7
1963 	JUN 		6.9	0.0	63	25.8	7.6	16.7
1964 	JUN 		5.4	15.0	72	23.8	9.7	16.7
1965 	JUN 		6.1	27.8	78	25.7	11.9	18.8
1966 	JUN 		6.9	0.0	63	26.6	10.4	18.5
1967 	JUN 		4.9	81.5	76	24.4	11.4	17.9
1968 	JUN 		6.5	27.1	72	25.3	8.6	16.9
1969 	JUN 		7.1	30.0	70	26.1	10.7	18.4
1970 	JUN 		5.8	40.2	77	25.8	12.6	19.2
1971 	JUN 		5.0	109.3	82	23.3	10.3	16.8
1972 	JUN 		7.9	5.3	91	28.1	10.1	19.1
1973 	JUN 			35.7	75			
1974 	JUN 		5.4	115.8	83	22.2	9.0	15.6
1975 	JUN 		6.8	0.0	74	25.2	9.6	17.4
1976 	JUN 		6.7	61.8	87	24.3	7.4	15.9
1977 	JUN 		5.0	46.8	81	24.3	11.6	17.9
1978 	JUN 	274	7.1	40.6	78	24.8	7.6	16.2
1979 	JUN 	140	7.3	0.0	73	24.8	8.1	16.5
1980 	JUN 	194	6.6	36.3	74	24.9	8.9	15.6
1981 	JUN 	312	5.3	68.5	78	23.7	9.4	16.5
1982 	JUN 	354	5.1	162.7	83	25.1	13.5	19.3
1983 	JUN 	319	4.6	174.0	81	23.6	12.7	18.1
1984 	JUN 	409	8.4	0.0	70	28.3	10.6	19.5
1985 	JUN 	373	7.5	22.5	72	24.3	8.1	16.2
1986 	JUN 	322	8.2	0.0	73	26.4	8.9	17.6
1987 	JUN 	263	6.3	122.7	77	24.5	9.7	17.1
1988 	JUN 	267	7.2	26.8	65	23.6	9.2	16.4
1989 	JUN 	233	6.0	47.0	71	24.1	10.5	17.3
1990 	JUN 	282	7.1	12.7	70	25.6	9.7	17.7
1991 	JUN 	245	6.3	35.1	77	25.7	12.0	18.9
1992 	JUN 	277	7.0	0.6	75	27.0	12.4	19.7
1993 	JUN 	264	6.6	47.0	81	24.7	11.6	18.2
1994 	JUN 	265	6.9	36.7	78	24.8	10.3	17.6
1995 	JUN 	275	7.1	23.5	80	26.0	11.4	18.7
1996 	JUN 	280	7.3	23.3	76	25.6	11.0	18.3
1997 	JUN 	250	5.6	124.5	84	23.5	11.4	17.4
1998 	JUN 	279	6.7	26.6	87	24.1	9.9	17.0
1999 	JUN 	257	6.0	68.6	83	23.9	11.0	17.5
2000 	JUN 	304	6.7	5.2	71	27.2	11.4	19.3
2001 	JUN 	282	5.7	19.9	77	25.1	11.9	18.5
2002 	JUN 	307	7.4	0.0	68	27.9	12.6	20.3
2003 	JUN 	294	7.0	9.2	80	27.8	12.4	20.1
2004 	JUN 	258	5.3	49.7	85	24.6	10.7	17.6
2005 	JUN 	288	6.2	42.5	79	26.5	12.9	19.7
2006 	JUN 	285	6.6	18.6	81	26.3	10.3	18.3
2007 	JUN 	336	8.1	22.6	90	27.3	11.3	19.4
2008 	JUN 	305	6.4	43.5	80	25.3	12.6	19.0
2009 	JUN 	313	6.5	55.1	78	23.7	9.8	16.7
2010 	JUN 	351	8.3	16.7	72	25.7	10.0	17.8
2011 	JUN 	327	7.4	49.3	76	24.5	9.2	16.8
2012 	JUN 	274	5.7	169.7	85	24.4	13.9	19.1
2013 	JUN 	267	4.9	123.0	87	26.2	14.5	20.4
2014 	JUN 	342	8.2	1.4	74	26.9	12.8	19.8
2015 	JUN 	329	7.8	3.8	78	26.5	13.7	20.1
2016 	JUN 	264	6.2	171.1	80	23.8	11.0	17.4
2017 	JUN 	305	7.1	17.8	78	25.1	11.8	18.4
2018 	JUN 	260	5.4	8.9	73	27.5	12.9	20.2
2019 	JUN 	337	7.8	10.6	72	27.0	12.2	19.6
1917 	JUL 			13.3		24.0	7.7	15.9
1918 	JUL 			55.1		23.7	8.7	16.2
1919 	JUL 			0.0		26.8	9.7	18.2
1920 	JUL 			42.9		25.2	10.8	18.0
1921 	JUL 		17.0	3.8		24.5	7.6	16.0
1922 	JUL 		14.6	22.0		24.5	9.9	17.2
1923 	JUL 		17.0	5.7		23.5	6.6	15.0
1924 	JUL 		18.0	0.0		26.2	8.2	17.2
1925 	JUL 		13.4	33.0		22.0	8.6	15.3
1926 	JUL 		7.0	139.2		24.6	9.4	17.0
1927 	JUL 		8.4	6.0		25.2	7.3	16.3
1928 	JUL 		7.5	29.3		25.0	10.0	17.5
1929 	JUL 		8.7	11.8		25.7	8.6	17.1
1930 	JUL 		7.7	68.5		25.6	10.7	18.1
1931 	JUL 		7.6	38.9		25.9	10.9	18.4
1932 	JUL 		8.9	5.6		26.4	10.3	18.3
1933 	JUL 		5.3	7.0		24.7	8.5	16.6
1934 	JUL 		8.6	0.0		25.5	8.5	17.0
1935 	JUL 		7.4	16.4		26.4	12.0	19.2
1936 	JUL 		8.1	20.8		26.5	9.8	18.2
1937 	JUL 		8.5	0.0		26.2	10.8	18.5
1938 	JUL 		9.5	13.0		26.6	9.5	18.1
1939 	JUL 		7.2	20.4		21.8	8.2	15.0
1940 	JUL 		8.3	1.1		28.1	10.4	19.3
1941 	JUL 		6.6	15.3		24.5	9.8	17.1
1942 	JUL 		6.3	57.5		22.0	7.7	14.8
1943 	JUL 		8.3	0.7	62	25.8	8.5	17.1
1944 	JUL 		7.8	2.7	60	24.4	7.9	16.1
1945 	JUL 		7.4	29.6	68	24.6	10.7	17.6
1946 	JUL 		7.5	88.9	69	24.0	9.2	16.6
1947 	JUL 		8.6	48.1	71	23.1	9.0	16.1
1948 	JUL 		5.8	40.0	66	26.1	12.2	19.2
1949 	JUL 		7.2	0.0	65	25.7	9.0	17.3
1950 	JUL 		7.9	13.0	66	25.5	9.5	17.5
1951 	JUL 		8.4	8.0	63	24.5	6.4	15.5
1952 	JUL 		7.4	4.8	65	25.5	9.0	17.3
1953 	JUL 		6.7	14.9	65	24.4	7.4	15.9
1954 	JUL 		6.1	8.7	69	27.3	9.8	18.5
1955 	JUL 		6.0	10.9	66	25.7	10.6	18.1
1956 	JUL 		6.1	53.3	75	23.1	9.9	16.5
1957 	JUL 		6.3	90.6	77	22.7	10.3	16.5
1958 	JUL 		6.3	15.2	75	25.0	11.0	18.0
1959 	JUL 		8.1	0.1	58	28.5	9.8	19.2
1960 	JUL 		7.9	0.0	65	25.5	9.4	17.5
1961 	JUL 		8.1	0.1	66	26.7	9.2	18.0
1962 	JUL 		7.0	20.5	68	23.5	7.7	15.6
1963 	JUL 		7.4	0.0	57	28.1	8.7	18.4
1964 	JUL 		5.3	77.0	73	22.8	8.3	15.5
1965 	JUL 		6.2	50.9	75	24.1	10.5	17.3
1966 	JUL 		6.5	12.1	60	26.8	11.3	19.1
1967 	JUL 		6.4	13.4	71	25.3	10.1	17.7
1968 	JUL 		7.4	17.6	66	24.8	8.4	16.6
1969 	JUL 		7.3	15.5	68	26.4	9.6	18.0
1970 	JUL 		6.9	10.5	72	25.0	9.8	17.4
1971 	JUL 			35.6				
1972 	JUL 		6.0	145.1	76	24.7	9.0	16.9
1973 	JUL 			59.6	76			
1974 	JUL 		7.9	0.0	74	26.2	9.6	17.9
1975 	JUL 		7.6	39.6	72	24.8	7.9	16.3
1976 	JUL 		6.6	77.7	86	23.2	7.1	15.2
1977 	JUL 		8.1	6.7	70	28.3	10.6	19.4
1978 	JUL 	290	6.8	78.9	75	26.3	8.3	17.3
1979 	JUL 	136	6.6	28.0	71	24.2	8.1	16.1
1980 	JUL 	217	6.3	0.0	73	26.6	9.9	17.3
1981 	JUL 	383	6.5	1.6	70	23.5	8.3	15.9
1982 	JUL 	430	7.2	24.5	77	25.8	11.3	18.5
1983 	JUL 	390	6.2	24.0	68	26.1	11.7	19.0
1984 	JUL 	407	7.9	8.9	65	28.1	10.9	19.5
1985 	JUL 	369	8.7	1.5	64	25.0	7.3	16.1
1986 	JUL 	306	7.3	10.5	70	25.0	9.9	17.4
1987 	JUL 	299	8.2	10.7	69	27.4	11.6	19.5
1988 	JUL 	311	8.3	0.0	61	23.5	7.1	15.3
1989 	JUL 	295	7.3	85.2	63	24.2	8.2	16.2
1990 	JUL 	266	6.4	134.6	73	23.6	9.8	16.7
1991 	JUL 	282	7.5	15.2	73	25.1	10.3	17.7
1992 	JUL 	279	6.5	36.6	74	24.9	11.3	18.1
1993 	JUL 	279	7.1	13.7	76	26.5	11.8	19.1
1994 	JUL 	317	8.3	24.7	71	27.0	10.7	18.8
1995 	JUL 	274	6.6	59.1	77	26.8	12.9	19.8
1996 	JUL 	302	7.7	2.3	75	25.1	9.5	17.3
1997 	JUL 	307	7.3	15.4	77	26.1	11.3	18.7
1998 	JUL 	299	7.2	13.9	81	25.9	10.8	18.4
1999 	JUL 	289	6.7	2.7	77	26.4	12.0	19.2
2000 	JUL 	320	6.5	60.4	72	24.7	8.8	16.6
2001 	JUL 	305	5.9	27.2	72	26.3	10.9	18.6
2002 	JUL 	267	6.0	23.4	68	25.2	10.2	17.7
2003 	JUL 	290	6.7	16.4	72	26.8	11.0	18.9
2004 	JUL 	280	5.6	78.4	83	23.8	11.0	17.4
2005 	JUL 	307	6.3	8.1	78	25.2	11.4	18.3
2006 	JUL 	273	6.4	32.4	79	27.1	10.7	18.9
2007 	JUL 	301	6.6	169.3	87	25.0	10.9	18.0
2008 	JUL 	375	8.7	0.0	66	26.7	9.8	18.2
2009 	JUL 	268	4.8	61.6	84	24.2	12.6	18.4
2010 	JUL 	339	7.5	62.9	68	26.9	12.6	19.8
2011 	JUL 	336	7.4	3.0	71	26.9	12.4	19.7
2012 	JUL 	368	8.6	25.3	72	26.1	11.1	18.6
2013 	JUL 	310	6.8	44.0	81	25.7	11.8	18.7
2014 	JUL 	329	7.1	25.9	73	25.8	11.8	18.8
2015 	JUL 	280	5.3	37.2	81	25.6	13.9	19.7
2016 	JUL 	334	7.8	2.4	67	26.9	10.6	18.8
2017 	JUL 	348	8.6	0.0	68	25.3	9.5	17.4
2018 	JUL 	322	8.3	2.4	62	28.7	10.1	19.4
2019 	JUL 	362	8.2	51.3	71	26.0	9.4	17.7
1917 	AUG 			5.4		26.4	7.5	16.9
1918 	AUG 			26.9		24.8	8.3	16.6
1919 	AUG 			54.6		24.0	9.9	17.0
1920 	AUG 			16.8		24.1	8.2	16.2
1921 	AUG 		15.6	26.5		28.1	12.5	20.3
1922 	AUG 		14.7	76.2		26.7	12.0	19.3
1923 	AUG 		15.2	31.5		26.5	11.3	18.9
1924 	AUG 		17.3	13.0		26.6	9.2	17.9
1925 	AUG 		18.9	0.0		30.0	11.0	20.5
1926 	AUG 		6.7	59.8		25.7	11.9	18.8
1927 	AUG 		6.7	63.1		25.6	10.3	17.9
1928 	AUG 		8.5	1.7		26.1	9.9	18.0
1929 	AUG 		7.2	50.2		25.9	10.9	18.4
1930 	AUG 		7.4	47.1		27.5	12.2	19.9
1931 	AUG 		8.5	11.0		27.2	9.0	18.1
1932 	AUG 		8.1	46.2		24.9	10.4	17.6
1933 	AUG 		8.7	15.4		27.6	9.3	18.4
1934 	AUG 		9.3	6.0		27.6	10.6	19.1
1935 	AUG 		8.1	18.4		26.6	11.3	19.0
1936 	AUG 		6.6	106.4		33.0	14.9	23.9
1937 	AUG 		8.2	67.0		28.0	12.0	20.0
1938 	AUG 		7.4	32.5		26.7	11.7	19.2
1939 	AUG 		9.1	0.0		27.9	9.5	18.7
1940 	AUG 		7.9	3.2		29.1	11.7	20.4
1941 	AUG 		7.5	17.6		29.0	13.4	21.2
1942 	AUG 		9.3	4.0		27.5	9.5	18.5
1943 	AUG 		7.6	13.5	59	25.8	9.8	17.8
1944 	AUG 		8.4	0.0	49	29.0	10.5	19.8
1945 	AUG 		8.3	1.6	59	29.9	12.9	21.4
1946 	AUG 		9.0	0.3	53	28.7	11.0	19.8
1947 	AUG 		9.0	68.6	68	25.5	10.8	18.2
1948 	AUG 		6.4	15.4	63	26.2	10.3	18.2
1949 	AUG 		7.2	5.8	59	27.3	10.9	19.1
1950 	AUG 		8.6	0.0	54	29.6	11.3	20.4
1951 	AUG 		7.1	33.2	63	25.8	9.7	17.8
1952 	AUG 		8.1	7.0	58	28.2	11.1	19.7
1953 	AUG 		7.2	23.2	58	28.5	9.8	19.2
1954 	AUG 		7.0	0.0	56	29.2	10.2	19.7
1955 	AUG 		6.1	86.5	63	27.4	9.8	18.6
1956 	AUG 		8.1	74.0	66	23.8	9.1	16.5
1957 	AUG 		7.0	51.7	66	26.2	11.5	18.8
1958 	AUG 		8.0	3.1	60	28.2	12.4	20.3
1959 	AUG 		6.4	72.3	66	26.9	11.1	19.0
1960 	AUG 		6.5	22.3	62	27.7	12.4	20.0
1961 	AUG 		8.0	11.9	57	29.3	10.6	20.0
1962 	AUG 		7.4	42.0	61	27.3	9.8	18.5
1963 	AUG 		6.5	7.6	51	29.1	10.8	19.9
1964 	AUG 		6.7	18.2	65	27.3	12.1	19.7
1965 	AUG 		7.8	3.8	61	27.9	10.9	19.4
1966 	AUG 		6.6	27.8	59	26.9	11.0	19.0
1967 	AUG 		7.5	0.0	54	30.3	12.0	21.1
1968 	AUG 		6.9	36.9	67	25.6	9.5	17.5
1969 	AUG 		7.3	31.1	62	28.4	11.8	20.1
1970 	AUG 		6.8	98.7	66	25.8	10.3	18.0
1971 	AUG 			3.3				
1972 	AUG 			51.6		25.6	11.4	18.5
1973 	AUG 			19.4	72			
1974 	AUG 		7.8	5.0	68	27.9	10.5	19.2
1975 	AUG 		8.7	32.0	59	30.3	13.2	22.1
1976 	AUG 		5.8	61.4	80	25.7	9.9	17.8
1977 	AUG 		7.9	19.7	69	28.7	11.4	20.1
1978 	AUG 	335	7.2	4.6	68	25.9	8.2	17.1
1979 	AUG 	140	6.8	81.4	70	27.6	11.9	19.8
1980 	AUG 	232	5.8	22.6	73	25.3	12.2	18.4
1981 	AUG 	440	6.1	3.6	68	27.5	10.7	19.1
1982 	AUG 	447	6.4	44.7	75	26.6	12.3	19.6
1983 	AUG 	553	8.3	2.2	62	27.3	10.5	19.0
1984 	AUG 	444	7.1	112.1	73	26.2	11.7	19.0
1985 	AUG 	430	8.2	21.8	60	29.0	10.5	19.7
1986 	AUG 	292	6.0	133.2	75	26.1	12.8	19.4
1987 	AUG 	335	8.2	5.9	62	26.7	9.8	18.3
1988 	AUG 	358	9.5	0.0	52	28.6	10.0	19.3
1989 	AUG 	361	8.3	32.0	61	26.6	10.5	18.5
1990 	AUG 	302	6.2	40.9	75	25.7	10.9	18.3
1991 	AUG 	328	7.9	4.7	66	27.8	12.4	20.1
1992 	AUG 	321	6.4	11.1	72	26.6	11.6	19.1
1993 	AUG 	303	6.9	51.8	74	26.2	10.6	18.4
1994 	AUG 	381	8.7	0.0	67	28.4	11.0	19.7
1995 	AUG 	369	9.0	1.2	68	30.4	13.1	21.7
1996 	AUG 	373	8.5	23.7	68	28.6	11.3	19.9
1997 	AUG 	362	7.7	15.9	71	27.8	11.2	19.5
1998 	AUG 	310	6.2	21.8	77	27.4	14.4	20.9
1999 	AUG 	375	8.4	0.0	64	27.9	10.2	19.1
2000 	AUG 	324	5.7	84.4	68	26.5	12.5	19.5
2001 	AUG 	391	7.4	44.2	65	28.0	12.5	20.2
2002 	AUG 	317	6.7	79.6	62	28.9	14.3	21.6
2003 	AUG 	332	6.6	17.8	73	26.2	10.8	18.5
2004 	AUG 	399	8.0	0.0	65	27.1	10.1	18.6
2005 	AUG 	386	7.9	24.1	69	29.2	12.2	20.7
2006 	AUG 	348	7.4	17.4	70	29.4	11.9	20.7
2007 	AUG 	407	8.4	0.0	69	28.7	11.6	20.2
2008 	AUG 	397	7.7	68.7	71	27.7	13.5	20.6
2009 	AUG 	384	7.1	61.4	71	26.3	13.2	19.7
2010 	AUG 	433	8.8	0.0	58	27.9	10.4	19.2
2011 	AUG 	374	7.3	31.5	66	27.9	13.2	20.5
2012 	AUG 	471	10.0	0.0	64	28.4	11.7	20.0
2013 	AUG 	413	8.5	2.5	65	27.8	10.9	19.4
2014 	AUG 	434	9.1	10.7	69	29.2	12.2	20.7
2015 	AUG 	441	9.3	32.3	64	29.1	12.6	20.9
2016 	AUG 	365	7.4	45.4	67	27.8	12.4	20.1
2017 	AUG 	328	7.0	50.6	70	26.3	12.3	19.3
2018 	AUG 	325	6.4	105.7	73	25.7	11.3	18.5
2019 	AUG 	396	7.8	6.2	67	27.7	11.5	19.6
1917 	SEP 			62.2		27.8	12.2	20.0
1918 	SEP 			68.6		26.4	12.8	19.6
1919 	SEP 			44.6		27.4	14.4	20.9
1920 	SEP 			111.3		26.2	11.8	19.0
1921 	SEP 		14.9	35.2		26.6	11.7	19.2
1922 	SEP 		15.2	7.7		28.4	13.2	20.8
1923 	SEP 		12.2	200.5		25.6	13.4	19.5
1924 	SEP 		16.2	15.5		28.7	12.6	20.7
1925 	SEP 		13.2	42.7		27.3	14.0	20.7
1926 	SEP 		6.6	69.0		29.0	15.4	22.2
1927 	SEP 		6.3	257.4		26.2	14.0	20.1
1928 	SEP 		6.9	0.0		29.5	13.7	21.6
1929 	SEP 		5.2	33.0		27.5	13.8	20.6
1930 	SEP 		7.0	52.6		28.1	12.9	20.5
1931 	SEP 		5.9	138.2		25.9	13.0	19.5
1932 	SEP 		7.5	48.6		29.6	13.2	21.4
1933 	SEP 		6.0	50.8		28.2	13.5	20.8
1934 	SEP 		5.3	59.8		27.2	14.1	20.7
1935 	SEP 		4.9	223.8		25.5	14.2	19.9
1936 	SEP 		6.3	88.0		26.3	13.0	19.6
1937 	SEP 		8.4	13.8		29.4	11.5	20.4
1938 	SEP 		5.7	80.3		28.0	13.7	20.9
1939 	SEP 		7.3	19.3		26.8	12.6	19.7
1940 	SEP 		8.4	28.1		29.8	12.3	21.0
1941 	SEP 		4.3	190.4		23.4	12.1	17.8
1942 	SEP 		6.7	22.8		27.8	11.9	19.8
1943 	SEP 		6.0	72.9	63	26.3	11.3	18.8
1944 	SEP 		6.9	13.3	51	30.2	13.5	21.8
1945 	SEP 		7.5	29.2	59	28.7	13.3	21.0
1946 	SEP 		7.3	21.3	52	29.9	13.6	21.7
1947 	SEP 		6.9	124.0	70	25.8	13.0	19.4
1948 	SEP 		5.1	9.1	57	29.5	12.3	20.9
1949 	SEP 		6.0	15.8	54	29.1	12.2	20.7
1950 	SEP 		6.0	11.1	53	29.3	12.9	21.1
1951 	SEP 		7.2	2.3	53	29.5	11.9	20.7
1952 	SEP 		5.9	40.7	62	27.1	13.0	20.1
1953 	SEP 		5.9	75.6	65	28.8	14.3	21.5
1954 	SEP 		2.2	23.2	60	30.4	13.8	22.1
1955 	SEP 		5.5	1.0	55	30.5	12.2	21.3
1956 	SEP 		6.8	72.7	66	27.6	13.9	20.8
1957 	SEP 		5.8	123.4	74	25.4	13.2	19.3
1958 	SEP 		6.9	96.4	64	26.3	13.1	19.7
1959 	SEP 		6.6	23.2	60	30.5	14.3	22.4
1960 	SEP 		7.3	8.7	55	30.3	12.8	21.5
1961 	SEP 		6.5	2.2	57	32.6	15.5	24.0
1962 	SEP 		6.8	32.2	66	28.7	14.0	21.3
1963 	SEP 		5.5	3.6	50	33.1	14.9	24.0
1964 	SEP 		7.1	61.3	56	29.5	13.3	21.4
1965 	SEP 		5.7	51.3	58	30.4	14.4	22.4
1966 	SEP 		6.8	128.7	61	27.3	12.3	19.8
1967 	SEP 		6.0	88.7	63	29.1	13.9	21.5
1968 	SEP 		6.9	16.3	59	28.2	12.1	20.2
1969 	SEP 		5.2	59.3	61	30.6	14.5	22.6
1970 	SEP 		6.1	90.6	72	26.8	13.3	20.0
1971 	SEP 			35.9				
1972 	SEP 		6.3	38.8		27.5	13.2	20.4
1973 	SEP 			55.5	74			
1974 	SEP 		7.1	24.0	66	30.6	13.7	22.2
1975 	SEP 		6.9	55.1	64	30.3	14.9	22.6
1976 	SEP 		4.6	124.8	79	24.7	11.8	18.3
1977 	SEP 		6.9	91.4	73	29.1	13.6	21.3
1978 	SEP 	397	7.0	57.2	71	26.9	11.8	19.3
1979 	SEP 	166	5.1	98.6	76	26.2	13.3	19.7
1980 	SEP 	288	5.5	62.5	71	24.7	11.7	18.0
1981 	SEP 	492	6.0	5.9	60	30.5	13.5	22.0
1982 	SEP 	553	7.3	8.1	68	28.6	13.1	20.8
1983 	SEP 	406	3.8	197.4	78	24.1	13.6	18.9
1984 	SEP 	544	7.5	90.4	69	27.0	12.3	19.7
1985 	SEP 	488	7.5	76.4	64	28.4	13.9	21.1
1986 	SEP 	375	7.4	36.7	64	27.7	14.1	20.9
1987 	SEP 	349	6.0	72.9	65	26.4	13.2	19.8
1988 	SEP 	344	7.8	4.1	53	30.7	14.3	22.5
1989 	SEP 	348	6.8	36.1	67	26.1	13.5	19.8
1990 	SEP 	344	6.0	61.0	73	26.5	12.2	19.3
1991 	SEP 	381	7.2	68.9	64	28.6	13.0	20.8
1992 	SEP 	283	4.3	87.5	81	25.1	14.0	19.6
1993 	SEP 	305	5.1	154.4	83	26.9	15.3	21.1
1994 	SEP 	403	8.4	0.5	62	31.7	14.1	22.9
1995 	SEP 	353	6.7	37.6	72	28.9	14.1	21.5
1996 	SEP 	359	6.3	135.2	76	27.1	14.8	20.9
1997 	SEP 	341	5.9	95.0	71	29.4	15.3	22.4
1998 	SEP 	335	5.7	89.3	76	27.7	15.3	21.5
1999 	SEP 	423	7.8	85.9	70	28.8	14.0	21.4
2000 	SEP 	396	6.2	91.2	73	27.2	15.1	21.2
2001 	SEP 	425	7.2	48.4	67	28.1	14.7	21.4
2002 	SEP 	340	5.8	44.8	61	27.5	13.6	20.6
2003 	SEP 	378	6.8	12.1	70	29.4	14.0	21.7
2004 	SEP 	445	8.1	7.1	61	32.0	15.3	23.7
2005 	SEP 	362	5.4	38.4	80	26.8	14.9	20.9
2006 	SEP 	370	6.3	54.7	67	28.3	13.5	20.9
2007 	SEP 	444	7.5	1.9	57	31.3	15.2	23.2
2008 	SEP 	456	7.6	46.1	68	27.1	13.3	20.2
2009 	SEP 	371	5.2	143.8	77	27.6	16.8	22.2
2010 	SEP 	406	6.8	107.7	63	29.4	15.1	22.3
2011 	SEP 	516	9.5	1.7	61	30.3	12.6	21.4
2012 	SEP 	484	8.7	40.9	62	30.4	14.8	22.6
2013 	SEP 	453	7.8	35.5	66	29.3	14.3	21.8
2014 	SEP 	453	7.8	84.6	79	30.8	15.9	23.4
2015 	SEP 	427	7.3	189.8	80	30.4	16.7	23.6
2016 	SEP 	460	8.3	19.0	67	29.3	14.0	21.6
2017 	SEP 	489	10.1	46.7	55	32.1	14.0	23.0
2018 	SEP 	406	7.5	54.0	71	28.7	13.9	21.3
2019 	SEP 	438	7.4	55.6	67	30.8	15.1	22.9
1917 	OCT 			58.4		27.6	13.8	20.7
1918 	OCT 			130.9		27.6	15.7	21.7
1919 	OCT 			68.2		28.9	16.7	22.8
1920 	OCT 			82.3		29.3	15.0	22.2
1921 	OCT 		14.8	59.7		28.4	13.6	21.0
1922 	OCT 		12.6	91.7		26.5	13.9	20.2
1923 	OCT 		11.3	41.7		26.5	15.2	20.9
1924 	OCT 		16.1	15.2		28.3	12.2	20.3
1925 	OCT 		13.6	110.7		28.4	14.9	21.6
1926 	OCT 		6.7	67.6		28.8	15.4	22.1
1927 	OCT 		6.6	126.1		28.3	15.1	21.7
1928 	OCT 		6.6	58.8		29.2	14.6	21.9
1929 	OCT 		5.1	13.4		30.0	16.3	23.2
1930 	OCT 		4.3	116.4		27.5	16.3	21.9
1931 	OCT 		7.6	65.8		28.0	14.1	21.1
1932 	OCT 		6.2	113.4		28.6	16.4	22.5
1933 	OCT 		5.7	109.2		29.0	14.8	21.9
1934 	OCT 		7.8	70.4		29.5	14.6	22.0
1935 	OCT 		6.1	211.4		27.5	16.0	21.8
1936 	OCT 		7.8	51.8		29.9	15.3	22.6
1937 	OCT 		5.2	155.6		27.3	16.3	21.8
1938 	OCT 		4.8	171.0		27.6	16.8	22.2
1939 	OCT 		7.6	41.9		31.2	15.1	23.2
1940 	OCT 		6.4	95.8		29.4	15.6	22.5
1941 	OCT 		7.4	115.7		28.6	14.1	21.4
1942 	OCT 		6.8	24.3		30.0	14.6	22.3
1943 	OCT 		5.6	215.8	71	27.8	15.6	21.7
1944 	OCT 		6.4	183.5	55	32.9	17.6	25.3
1945 	OCT 		6.7	126.4	63	30.1	15.7	22.9
1946 	OCT 		6.2	96.2	61	30.0	16.1	23.1
1947 	OCT 		5.7	90.1	85	25.5	13.6	19.5
1948 	OCT 		5.8	147.5	62	28.0	14.7	21.4
1949 	OCT 		5.4	100.5	63	27.6	15.1	21.3
1950 	OCT 		5.0	190.2	72	27.2	15.7	21.5
1951 	OCT 		5.6	128.6	65	29.4	14.7	22.0
1952 	OCT 		4.6	105.4	66	27.5	15.5	21.5
1953 	OCT 		4.8	97.7	72	29.3	16.6	22.9
1954 	OCT 		4.2	87.3	67	30.0	15.2	22.6
1955 	OCT 		5.5	64.8	62	28.7	14.5	21.6
1956 	OCT 		7.2	72.6	67	27.6	14.6	21.1
1957 	OCT 		7.8	64.2	62	29.9	15.6	22.8
1958 	OCT 		7.4	121.2	68	28.1	15.5	21.8
1959 	OCT 		6.9	79.6	62	30.3	16.0	23.1
1960 	OCT 		5.2	123.1	69	29.6	17.8	23.7
1961 	OCT 		5.6	43.4	60	31.5	17.2	24.3
1962 	OCT 		4.9	198.9	78	25.4	15.1	20.3
1963 	OCT 		5.5	148.7	66	31.5	17.3	24.4
1964 	OCT 		6.5	161.8	71	26.9	15.0	20.9
1965 	OCT 		6.3	112.1	71	28.0	15.8	21.9
1966 	OCT 		6.5	130.4	65	28.7	15.5	22.1
1967 	OCT 		6.0	210.5	69	30.2	16.7	23.5
1968 	OCT 		7.2	121.4	66	30.6	15.1	22.9
1969 	OCT 		6.0	83.4	73	27.0	14.6	20.8
1970 	OCT 		7.0	83.7	71	28.6	15.1	21.9
1971 	OCT 			151.4				
1972 	OCT 		6.7	181.6		28.2	15.3	21.7
1973 	OCT 			174.6	72			
1974 	OCT 		6.2	126.6	73	28.8	15.7	22.3
1975 	OCT 		6.5	98.0	73	28.7	16.1	22.4
1976 	OCT 		6.0	168.3	76	27.0	14.4	20.7
1977 	OCT 		7.6	66.7	72	30.4	15.9	23.1
1978 	OCT 	484	8.3	58.2	70	31.4	14.4	22.9
1979 	OCT 	299	6.9	101.4	75	30.1	16.7	23.5
1980 	OCT 	369	6.8	52.5	78	28.7	16.4	22.4
1981 	OCT 	490	4.9	231.2	78	27.0	15.4	21.1
1982 	OCT 	567	6.2	254.5	78	28.7	16.0	22.2
1983 	OCT 	537	5.0	129.1	71	28.0	15.8	21.9
1984 	OCT 	471	8.4	27.0	66	31.3	16.3	23.8
1985 	OCT 	587	8.9	11.3	62	32.4	15.3	23.8
1986 	OCT 	465	8.7	52.9	64	29.8	16.1	23.0
1987 	OCT 	398	6.8	67.0	67	29.4	16.7	23.0
1988 	OCT 	342	6.1	196.9	63	28.6	15.3	22.0
1989 	OCT 	466	8.6	46.3	58	28.6	12.9	20.8
1990 	OCT 	412	7.3	125.4	71	30.5	16.9	23.7
1991 	OCT 	394	6.9	70.5	69	29.4	16.3	22.9
1992 	OCT 	377	6.3	242.1	78	28.9	15.5	22.2
1993 	OCT 	418	7.0	73.4	77	30.2	17.1	23.7
1994 	OCT 	417	6.3	126.8	73	32.2	18.4	25.3
1995 	OCT 	392	6.4	190.2	76	28.3	15.8	22.1
1996 	OCT 	409	6.9	238.5	80	29.4	16.8	23.1
1997 	OCT 	409	6.4	62.8	77	29.4	17.3	23.3
1998 	OCT 	369	5.4	183.1	83	27.1	16.3	21.7
1999 	OCT 	454	7.0	28.5	73	28.5	15.4	21.9
2000 	OCT 	480	7.2	114.2	69	32.1	18.0	25.0
2001 	OCT 	496	7.9	173.3	69	29.5	16.1	22.8
2002 	OCT 	431	7.4	49.4	54	33.8	18.8	26.3
2003 	OCT 	423	6.3	89.2	74	30.0	16.3	23.1
2004 	OCT 	375	4.7	156.9	81	27.4	16.1	21.7
2005 	OCT 	364	4.5	120.4	81	30.4	18.3	24.3
2006 	OCT 	452	6.6	80.3	80	29.6	17.0	23.3
2007 	OCT 	467	6.9	92.6	71	32.4	17.3	24.9
2008 	OCT 	445	5.9	108.7	75	29.5	17.6	23.5
2009 	OCT 	467	6.6	56.7	76	28.6	17.1	22.8
2010 	OCT 	486	7.4	87.4	68	28.6	15.4	22.0
2011 	OCT 	476	7.2	203.1	70	29.4	16.9	23.2
2012 	OCT 	496	8.2	76.2	65	32.6	17.9	25.3
2013 	OCT 	510	7.8	153.6	71	29.9	16.8	23.3
2014 	OCT 	592	9.7	20.1	55	32.5	16.7	26.6
2015 	OCT 	531	8.4	94.4	73	32.1	18.7	25.4
2016 	OCT 	490	7.8	103.1	73	29.9	17.1	23.5
2017 	OCT 	423	6.4	80.5	71	30.3	17.3	23.8
2018 	OCT 	441	6.8	154.4	77	28.9	16.9	22.9
2019 	OCT 	550	8.8	109.3	63	33.5	17.2	25.3
1917 	NOV 			19.8		29.1	12.4	20.8
1918 	NOV 			125.9		28.7	16.4	22.5
1919 	NOV 			142.0		29.1	18.2	23.7
1920 	NOV 			217.6		28.6	17.3	22.9
1921 	NOV 		14.7	37.7		30.1	15.4	22.7
1922 	NOV 		12.7	109.7		28.6	16.0	22.3
1923 	NOV 		12.7	60.7		29.1	16.3	22.7
1924 	NOV 		13.3	128.4		28.8	15.5	22.1
1925 	NOV 		11.3	230.3		28.6	17.3	22.9
1926 	NOV 		8.1	74.4		30.1	16.7	23.4
1927 	NOV 		8.6	48.8		30.2	16.8	23.5
1928 	NOV 		8.7	83.2		30.7	17.2	24.0
1929 	NOV 		7.1	99.2		29.0	15.4	22.2
1930 	NOV 		7.7	108.0		29.2	16.4	22.8
1931 	NOV 		6.1	214.0		28.1	16.5	22.3
1932 	NOV 		7.3	174.8		29.2	17.3	23.3
1933 	NOV 		7.4	40.1		29.0	14.2	21.6
1934 	NOV 		7.9	122.9		31.8	17.4	24.6
1935 	NOV 		7.5	82.0		29.9	16.1	23.0
1936 	NOV 		7.9	86.8		30.0	16.8	23.4
1937 	NOV 		7.0	121.8		29.0	16.4	22.7
1938 	NOV 		8.3	129.6		30.4	17.2	23.8
1939 	NOV 		4.6	198.9		29.2	18.2	23.7
1940 	NOV 		6.2	196.1		29.5	17.5	23.5
1941 	NOV 		5.2	217.0		28.8	17.7	23.3
1942 	NOV 		6.7	171.3		30.7	16.2	23.5
1943 	NOV 		6.9	163.3	67	29.9	16.5	23.2
1944 	NOV 		5.4	260.1	70	28.6	16.2	22.4
1945 	NOV 		5.3	232.9	73	27.6	17.2	22.4
1946 	NOV 		8.1	133.4	63	30.1	16.9	23.5
1947 	NOV 		7.6	114.6	64	28.3	15.2	21.7
1948 	NOV 		6.4	147.0	68	28.4	16.8	22.6
1949 	NOV 		7.4	45.1	58	30.5	14.9	22.7
1950 	NOV 		6.0	179.8	71	27.6	16.1	21.8
1951 	NOV 		2.4	222.6	70	29.2	17.3	23.3
1952 	NOV 		6.9	117.9	66	29.1	16.9	23.0
1953 	NOV 		6.3	82.3	67	29.3	16.3	22.8
1954 	NOV 		8.9	39.7	57	34.2	15.1	24.6
1955 	NOV 		7.3	127.6	62	28.1	14.1	21.1
1956 	NOV 		9.1	23.1	57	28.6	14.0	21.3
1957 	NOV 		7.0	57.1	69	28.5	16.2	22.3
1958 	NOV 		8.3	124.5	64	30.8	16.6	23.7
1959 	NOV 		5.8	246.7	69	29.4	16.5	23.0
1960 	NOV 		5.9	93.7	73	28.6	17.2	22.9
1961 	NOV 		7.9	138.3	70	30.9	17.8	24.4
1962 	NOV 		8.2	97.3	66	29.4	15.6	22.5
1963 	NOV 		7.0	163.4	64	31.5	18.4	25.0
1964 	NOV 		7.4	52.7	65	27.9	15.1	21.5
1965 	NOV 		7.1	99.1	71	29.7	16.8	23.3
1966 	NOV 		8.6	85.2	62	29.6	16.4	23.0
1967 	NOV 		6.4	77.5	71	28.7	16.6	22.7
1968 	NOV 		7.1	62.8	62	31.7	17.4	24.6
1969 	NOV 		4.9	212.7	81	28.4	17.6	23.0
1970 	NOV 		6.9	83.9	66	28.6	14.8	21.7
1971 	NOV 			34.2				
1972 	NOV 			122.8		25.0	13.6	17.2
1973 	NOV 			121.7	67			
1974 	NOV 		8.0	168.4		30.6	17.0	23.8
1975 	NOV 		4.3	236.8	78	27.8	17.4	22.6
1976 	NOV 		6.7	127.4	75	29.1	17.6	23.4
1977 	NOV 		5.3	134.8	79	30.0	17.3	23.6
1978 	NOV 	446	6.4	138.9	77	28.7	16.5	22.6
1979 	NOV 	365	6.4	102.8	74	28.8	16.5	22.6
1980 	NOV 	395	6.9	145.2	84	27.4	15.9	20.9
1981 	NOV 	592	6.5	167.2	77	30.2	18.3	24.3
1982 	NOV 	590	6.1	210.2	78	30.3	18.8	24.6
1983 	NOV 	639	7.8	88.4	66	29.5	16.9	23.2
1984 	NOV 	535	7.3	201.1	73	31.0	18.1	24.5
1985 	NOV 	557	8.1	134.3	61	32.2	17.2	24.7
1986 	NOV 	423	6.8	110.4	66	31.0	18.1	24.6
1987 	NOV 	470	8.4	113.3	67	31.0	17.3	24.2
1988 	NOV 	409	8.0	86.0	62	29.2	15.9	22.5
1989 	NOV 	445	7.4	99.9	63	29.2	16.3	22.7
1990 	NOV 	454	8.0	124.4	73	32.3	19.1	25.7
1991 	NOV 	483	8.6	56.8	68	31.4	17.5	24.5
1992 	NOV 	407	6.2	232.3	78	29.5	16.6	23.0
1993 	NOV 	488	8.5	91.6	74	32.2	18.3	25.3
1994 	NOV 	473	7.6	249.2	74	30.7	18.6	24.6
1995 	NOV 	480	8.1	156.3	72	30.1	17.3	23.7
1996 	NOV 	408	6.2	212.0	80	29.1	17.8	23.4
1997 	NOV 	427	5.6	269.4	82	30.3	19.5	24.9
1998 	NOV 	474	7.8	26.6	77	30.0	16.5	23.2
1999 	NOV 	480	7.0	52.1	72	29.5	15.7	22.6
2000 	NOV 	465	6.8	239.2	77	29.8	17.7	23.8
2001 	NOV 	466	6.7	152.4	68	30.7	18.7	24.7
2002 	NOV 	432	5.7	176.5	81	30.6	18.8	24.7
2003 	NOV 	438	6.0	168.0	78	29.5	17.7	23.6
2004 	NOV 	460	5.3	105.9	78	29.2	17.6	23.4
2005 	NOV 	442	5.8	117.8	80	29.5	17.1	23.3
2006 	NOV 	478	6.5	200.2	80	30.4	17.8	24.1
2007 	NOV 	462	6.1	120.3	82	28.8	17.4	23.1
2008 	NOV 	522	7.4	24.3	75	30.1	17.6	23.9
2009 	NOV 	501	6.9	196.5	74	31.7	20.1	25.9
2010 	NOV 	525	7.5	39.9	66	30.5	17.5	24.0
2011 	NOV 	555	8.7	157.1	69	29.2	16.4	22.8
2012 	NOV 	548	8.3	100.2	71	30.6	18.0	24.3
2013 	NOV 	524	7.5	109.9	72	30.5	18.6	24.6
2014 	NOV 	505	6.7	159.0	73	30.7	19.1	24.9
2015 	NOV 	420	5.0	251.5	85	30.5	20.7	25.6
2016 	NOV 	498	7.1	190.5	75	29.6	17.7	23.6
2017 	NOV 	514	7.4	235.7	73	29.6	16.9	23.3
2018 	NOV 	446	5.4	241.2	76	29.3	17.6	23.5
2019 	NOV 	494	6.6	222.8	76	30.5	17.8	24.1
1917 	DEC 			194.3		29.0	16.0	22.5
1918 	DEC 			127.2		29.2	17.2	23.2
1919 	DEC 			102.4		30.2	18.5	24.4
1920 	DEC 			161.6		29.1	17.7	23.4
1921 	DEC 		12.3	180.6		30.3	18.0	24.2
1922 	DEC 		11.9	105.6		29.2	17.3	23.2
1923 	DEC 		13.4	125.5		32.3	18.8	25.6
1924 	DEC 		11.2	231.8		29.1	17.9	23.5
1925 	DEC 		11.6	159.4		30.0	18.3	24.2
1926 	DEC 		4.8	360.8		28.0	18.8	23.4
1927 	DEC 		7.8	109.5		29.4	16.8	23.1
1928 	DEC 		5.7	272.0		29.6	18.7	24.1
1929 	DEC 		5.7	303.0		30.1	19.3	24.7
1930 	DEC 		4.9	328.6		28.2	18.3	23.3
1931 	DEC 		6.8	149.1		29.8	18.2	24.0
1932 	DEC 		5.6	336.4		28.8	19.1	23.9
1933 	DEC 		4.6	302.0		28.9	17.2	23.0
1934 	DEC 		4.7	415.9		28.2	19.1	23.6
1935 	DEC 		7.4	184.7		31.4	19.5	25.4
1936 	DEC 		5.3	293.6		30.2	19.7	24.9
1937 	DEC 		6.6	141.8		28.3	17.4	22.8
1938 	DEC 		6.1	209.6		29.0	18.7	23.9
1939 	DEC 		5.9	259.0		29.3	19.1	24.2
1940 	DEC 		7.1	198.0		32.5	20.5	26.5
1941 	DEC 		5.4	186.6		29.3	18.3	23.8
1942 	DEC 		5.1	201.1		28.0	17.2	22.6
1943 	DEC 		5.3	359.9	73	28.7	16.9	22.8
1944 	DEC 		8.2	158.7	61	31.5	16.8	24.2
1945 	DEC 		8.9	162.7	75	27.9	17.0	22.5
1946 	DEC 		4.7	82.0	70	29.7	18.1	23.9
1947 	DEC 		5.4	219.6	74	27.8	17.3	22.6
1948 	DEC 		8.7	109.0	63	30.4	16.9	23.6
1949 	DEC 		5.1	420.5	70	28.3	18.2	23.2
1950 	DEC 		6.3	134.0	75	29.0	17.4	23.2
1951 	DEC 		7.4	91.0	74	28.2	16.9	22.5
1952 	DEC 		9.6	153.6	58	30.7	16.9	23.8
1953 	DEC 		7.2	152.4	68	31.1	17.3	24.2
1954 	DEC 		5.6	193.0	68	30.1	16.9	23.5
1955 	DEC 		5.4	197.3	72	29.4	18.3	23.9
1956 	DEC 		8.1	137.0	63	29.7	16.7	23.2
1957 	DEC 		7.3	197.3	72	29.9	18.2	24.1
1958 	DEC 		7.1	151.2	69	31.1	18.6	24.8
1959 	DEC 		7.8	191.1	71	31.0	18.1	24.5
1960 	DEC 		6.5	314.2	71	29.4	17.8	23.6
1961 	DEC 		5.5	157.9	76	28.6	18.0	23.3
1962 	DEC 		6.2	201.6	78	28.6	18.4	23.5
1963 	DEC 		9.0	148.4	64	31.3	17.7	24.5
1964 	DEC 		4.9	268.4	75	27.6	17.5	22.6
1965 	DEC 		2.7	292.0	78	29.0	19.6	24.3
1966 	DEC 		7.1	225.4	70	30.4	18.9	24.6
1967 	DEC 		5.3	154.9	75	27.6	16.9	22.2
1968 	DEC 		7.8	235.5	73	30.2	18.6	24.4
1969 	DEC 		7.8	198.9	74	28.8	16.3	22.6
1970 	DEC 		6.7	138.8	70	31.2	18.9	25.0
1971 	DEC 			178.7				
1972 	DEC 			91.8				
1973 	DEC 			328.6	80			
1974 	DEC		3.4	247.7	82	27.2	18.9	23.1
1975 	DEC 		5.7	315.1	77	30.0	17.8	23.9
1976 	DEC 		4.2	191.4	83	28.5	19.2	23.8
1977 	DEC 		5.3	238.1	80	28.0	16.2	22.1
1978 	DEC 	475	6.6	96.6	75	29.4	16.8	23.1
1979 	DEC 	328	3.9	105.7	81	30.2	19.0	24.6
1980 	DEC 	394	6.5	185.1	91	28.2	18.4	22.5
1981 	DEC 	513	4.4	211.2	78	29.0	18.4	23.6
1982 	DEC 	481	3.5	215.0	85	28.0	18.4	23.2
1983 	DEC 	546	4.6	161.4	78	29.5	18.9	24.2
1984 	DEC 	487	5.6	196.0	79	29.4	18.1	23.7
1985 	DEC 	588	7.6	71.7	66	31.9	18.1	25.0
1986 	DEC 	365	4.0	282.3	83	29.2	19.4	24.3
1987 	DEC 	443	7.2	190.5	73	30.6	18.6	24.6
1988 	DEC 	368	7.1	200.4	65	30.1	17.9	24.0
1989 	DEC 	418	6.9	195.1	66	29.7	17.7	23.7
1990 	DEC 	458	7.4	61.1	72	31.5	18.3	24.9
1991 	DEC 	409	6.0	194.5	81	30.4	19.1	24.7
1992 	DEC 	475	8.2	142.2	74	30.2	16.8	23.5
1993 	DEC 	412	5.9	146.4	83	30.2	19.5	24.8
1994 	DEC 	483	7.2	260.8	80	31.7	19.9	25.8
1995 	DEC 	433	6.7	222.2	78	30.1	18.8	24.5
1996 	DEC 	412	6.0	188.3	85	30.6	19.8	25.2
1997 	DEC 	479	6.7	186.7	80	31.1	19.7	25.4
1998 	DEC 	441	6.1	292.6	82	30.0	19.2	24.6
1999 	DEC 	508	7.2	269.9	78	30.6	19.0	24.8
2000 	DEC 	448	5.6	196.2	81	29.8	19.0	24.4
2001 	DEC 	427	5.4	204.2	83	29.2	18.7	24.0
2002 	DEC 	461	6.0	166.1	86	31.2	19.7	25.4
2003 	DEC 	456	6.4	139.9	84	30.4	19.4	24.9
2004 	DEC 	438	5.4	99.8	83	29.5	18.2	23.8
2005 	DEC 	451	5.3	127.1	82	29.5	17.8	23.7
2006 	DEC 	489	6.0	251.7	89	30.1	19.8	25.0
2007 	DEC 	527	7.5	188.6	81	30.8	18.8	24.8
2008 	DEC 	532	7.3	153.0	78	30.2	17.9	24.0
2009 	DEC 	460	5.5	274.3	79	29.5	19.7	24.6
2010 	DEC 	482	6.3	244.1	76	30.7	19.9	25.3
2011 	DEC 	582	8.5	176.1	73	30.5	18.4	24.5
2012 	DEC 	554	7.9	192.9	80	32.9	21.1	27.0
2013 	DEC 	580	8.8	121.0	71	32.5	20.2	26.4
2014 	DEC 	546	8.0	256.9	77	32.5	20.5	26.5
2015 	DEC 	515	5.9	246.8	84	32.5	21.7	27.1
2016 	DEC 	538	7.3	190.6	76	31.4	19.2	25.3
2017 	DEC 	488	6.9	148.6	76	31.0	19.4	25.2
2018 	DEC 	583	8.5	52.2	69	32.3	18.5	25.4
2019 	DEC 	489	6.2	188.2	77	30.6	18.7	24.6
